%YAML:1.0
---
calibration_time: "Thu Aug 10 17:06:02 2023"
image_width: 1920
image_height: 1200
board_width: 4
board_height: 11
square_size: 2.5300000000000000e-02
flags: 0
camera_matrix: !!opencv-matrix
   rows: 3
   cols: 3
   dt: d
   data: [ 9.0124977562422907e+02, 0., 1.0084893795720745e+03, 0.,
       9.0102546377595775e+02, 6.0081252439030777e+02, 0., 0., 1. ]
distortion_coefficients: !!opencv-matrix
   rows: 14
   cols: 1
   dt: d
   data: [ 2.0931879047761148e+00, 7.7937920724091148e-01,
       1.3750676885302941e-04, 2.2674115698741579e-05,
       3.5684014322230603e-02, 2.4533507776569179e+00,
       1.4273448069273456e+00, 1.8046753905777330e-01, 0., 0., 0., 0.,
       0., 0. ]
avg_reprojection_error: 5.8669066235248708e-02
