%YAML:1.0
---
calibration_time: "Mon Feb 12 12:25:17 2024"
image_width: 1920
image_height: 1200
board_width: 4
board_height: 11
square_size: 2.5499999999999998e-02
flags: 0
stereo_rotation_matrix: !!opencv-matrix
   rows: 3
   cols: 3
   dt: d
   data: [ 9.9994408722132866e-01, -7.3077677431889669e-04,
       -1.0549331562230002e-02, 7.2226716252095282e-04,
       9.9999941076109999e-01, -8.1043667168864447e-04,
       1.0549917594450203e-02, 8.0277192214844211e-04,
       9.9994402583144182e-01 ]
stereo_translation_matrix: !!opencv-matrix
   rows: 3
   cols: 1
   dt: d
   data: [ -1.0662445858917709e-01, 6.0924071366964775e-05,
       -8.5134540910713520e-04 ]
left_rectified_rotation_matrix: !!opencv-matrix
   rows: 3
   cols: 3
   dt: d
   data: [ 9.9999587168341397e-01, -1.2957144417864157e-03,
       -2.5647105517688450e-03, 1.2946723935514709e-03,
       9.9999907871149607e-01, -4.0792101273105400e-04,
       2.5652367380778010e-03, 4.0459886875514502e-04,
       9.9999662792443100e-01 ]
right_rectified_rotation_matrix: !!opencv-matrix
   rows: 3
   cols: 3
   dt: d
   data: [ 9.9996796199556037e-01, -5.7137096204459890e-04,
       7.9842668836433706e-03, 5.6812719777273892e-04,
       9.9999975516664286e-01, 4.0853168993569300e-04,
       -7.9844983519732089e-03, -4.0398252222472418e-04,
       9.9996804178143062e-01 ]
left_rectified_projection_matrix: !!opencv-matrix
   rows: 3
   cols: 4
   dt: d
   data: [ 7.6254861626355500e+02, 0., 9.4020660400390625e+02, 0., 0.,
       7.6254861626355500e+02, 5.9158929443359375e+02, 0., 0., 0., 1.,
       0. ]
right_rectified_projection_matrix: !!opencv-matrix
   rows: 3
   cols: 4
   dt: d
   data: [ 7.6254861626355500e+02, 0., 9.4020660400390625e+02,
       -8.1308938333155012e+01, 0., 7.6254861626355500e+02,
       5.9158929443359375e+02, 0., 0., 0., 1., 0. ]
avg_reprojection_error: 3.9719962709057288e-01
